((("C-" .
   [0 1])
  ("height" .
   [1 0 0 0 0 0])
  ("n" .
   [1])
  ("a" .
   [2])
  ("fn" .
   [1 0])
  ("div" .
   [2 0 0])
  ("alert" .
   [0 0 1 0 0])
  ("function" .
   [0 0 1 0 3 0 0 0])
  ("web" .
   [3 0 0])
  ("html" .
   [6 0 0 0])
  ("web-mode" .
   [1 0 0 0 0 0 0 0])
  ("yas-triggers-in-field" .
   [0 0 0 0 0 0 0 0 0 0 0 0 0 1 1 0 0 0 0 0 0])
  ("setq" .
   [1 0 0 0])
  ("set" .
   [2 0 0])
  ("yas-triggers-key" .
   [0 0 0 0 0 0 0 0 0 0 0 0 0 1 1 0])
  ("add-to-list" .
   [0 0 0 0 0 1 0 0 0 0 0])
  ("ac-sources" .
   [0 0 0 0 1 0 0 0 0 0])
  ("define-key" .
   [0 0 0 0 0 0 1 0 0 0])
  ("global-map" .
   [0 0 0 0 0 0 0 0 1 0])
  ("toggle-fullscreen" .
   [0 0 0 0 0 0 0 0 1 0 0 0 0 0 0 0 0])
  ("t" .
   [1])))
